-1.554500 53.808986
-1.554369 53.809073

-1.554369 53.809073
-1.554290 53.809044

-1.554290 53.809044
-1.554091 53.808897

-1.554091 53.808897
-1.553937 53.808757

-1.553937 53.808757
-1.553665 53.808889

-1.553665 53.808889
-1.553385 53.808906

-1.553385 53.808906
-1.553320 53.808907

-1.553320 53.808907
-1.553221 53.808900

-1.553221 53.808900
-1.553029 53.808875

-1.553029 53.808875
-1.552986 53.808876

-1.552986 53.808876
-1.552957 53.808886

-1.552957 53.808886
-1.552812 53.808957

-1.552812 53.808957
-1.552756 53.808915

-1.552756 53.808915
-1.552564 53.808676

-1.552564 53.808676
-1.552534 53.808607

-1.552534 53.808607
-1.552428 53.808471

-1.552428 53.808471
-1.552318 53.808371

-1.552318 53.808371
-1.552255 53.808247

-1.552255 53.808247
-1.552115 53.807902

-1.552115 53.807902
-1.551964 53.807514

-1.551964 53.807514
-1.551823 53.807359

-1.551823 53.807359
-1.551629 53.807211

-1.551629 53.807211
-1.550360 53.806423

-1.550360 53.806423
-1.549712 53.806026

-1.549712 53.806026
-1.549604 53.805953

-1.549604 53.805953
-1.549079 53.805525

-1.549079 53.805525
-1.548993 53.805438

-1.548993 53.805438
-1.548771 53.805128

-1.548771 53.805128
-1.548648 53.804928

-1.548648 53.804928
-1.548607 53.804854

-1.548607 53.804854
-1.548260 53.804452

-1.548260 53.804452
-1.548173 53.804379

-1.548173 53.804379
-1.548161 53.804374

-1.548161 53.804374
-1.547985 53.804223

-1.547985 53.804223
-1.547521 53.803917

-1.547521 53.803917
-1.547579 53.803879

-1.547579 53.803879
-1.547951 53.803522

-1.547951 53.803522
-1.548734 53.802966

-1.548734 53.802966
-1.548927 53.802830

-1.548927 53.802830
-1.549051 53.802724

-1.549051 53.802724
-1.549154 53.802636

-1.549154 53.802636
