-1.549051 53.802724
-1.549154 53.802636

-1.549154 53.802636
-1.549291 53.802756

-1.549291 53.802756
-1.549354 53.802769

-1.549354 53.802769
-1.549495 53.802810

-1.549495 53.802810
-1.549983 53.803165

-1.549983 53.803165
-1.550415 53.803458

-1.550415 53.803458
-1.550546 53.803524

-1.550546 53.803524
-1.550845 53.803563

-1.550845 53.803563
-1.551192 53.803605

-1.551192 53.803605
-1.551846 53.803605

-1.551846 53.803605
-1.552217 53.803603

-1.552217 53.803603
-1.552762 53.803589

-1.552762 53.803589
-1.553353 53.803587

-1.553353 53.803587
-1.554796 53.803574

-1.554796 53.803574
-1.555910 53.803576

-1.555910 53.803576
-1.555966 53.803811

-1.555966 53.803811
-1.555903 53.804179

-1.555903 53.804179
-1.556359 53.804535

-1.556359 53.804535
-1.556660 53.804777

-1.556660 53.804777
-1.557233 53.805028

-1.557233 53.805028
-1.557895 53.805266

-1.557895 53.805266
-1.558413 53.805449

-1.558413 53.805449
-1.558765 53.805568

-1.558765 53.805568
-1.559077 53.805672

-1.559077 53.805672
-1.559231 53.805728

-1.559231 53.805728
-1.559553 53.805815

-1.559553 53.805815
-1.559744 53.805856

-1.559744 53.805856
-1.560043 53.805971

-1.560043 53.805971
-1.560407 53.806112

-1.560407 53.806112
-1.560444 53.806269

-1.560444 53.806269
-1.560480 53.806379

-1.560480 53.806379
-1.560496 53.806488

-1.560496 53.806488
-1.560663 53.806481

-1.560663 53.806481
-1.560817 53.806503

-1.560817 53.806503
-1.561256 53.807048

-1.561256 53.807048
-1.561305 53.807243

-1.561305 53.807243
-1.562345 53.807522

-1.562345 53.807522
-1.562421 53.807589

-1.562421 53.807589
-1.562458 53.807655

-1.562458 53.807655
-1.562453 53.807703

-1.562453 53.807703
-1.562377 53.807817

-1.562377 53.807817
